1.0 519502.97768469516
1.0035 501369.13412899297
1.007 483905.84168965934
1.0105 467088.6996137029
1.014 450894.18827566
1.0175 435299.63748287974
1.021 420283.1959184503
1.0245 405823.8016809881
1.028 391901.1538819776
1.0315 378495.685262742
1.035 365588.5357945035
1.0385 353161.5272262821
1.042 341197.1385466612
1.0455 329678.4823266463
1.049 318589.2819120265
1.0525 307913.84943478333
1.056 297637.0646141801
1.0595 287744.3543192033
1.063 278221.67286506284
1.0665 269055.48301742226
1.07 260232.7376789806
1.0735000000000001 251740.8622339253
1.077 243567.73752666835
1.0805 235701.68345210713
1.084 228131.4431354845
1.0875000000000001 220846.16768068532
1.091 213835.40146658925
1.0945 207089.06797180726
1.098 200597.45610885898
1.1015000000000001 194351.20704949906
1.105 188341.30152357873
1.1085 182559.04757444863
1.112 176996.0687545237
1.1155 171644.2927452102
1.119 166495.94038596982
1.1225 161543.5150978394
1.126 156779.79268724495
1.1295 152197.8115164634
1.133 147790.86302757493
1.1365 143552.48260721218
1.14 139476.44077987762
1.1435 135556.73471803192
1.147 131787.58005758564
1.1505 128163.40300782296
1.154 124678.8327451945
1.1575 121328.69408078108
1.161 118108.00039160819
1.1645 115011.94680633035
1.168 112035.90363615743
1.1715 109175.41004221034
1.175 106426.16793082282
1.1785 103784.03606859408
1.182 101245.0244093076
1.1855 98805.28862510037
1.189 96461.12483455156
1.1925000000000001 94208.9645206118
1.196 92045.36963155714
1.1995 89967.02785839036
1.203 87970.74808235303
1.2065000000000001 86053.45598643286
1.21 84212.18982497728
1.2135 82444.0963457296
1.217 80746.42685881324
1.2205 79116.53344738006
1.224 77551.86531483376
1.2275 76049.9652637196
1.2309999999999999 74608.46630154738
1.2345000000000002 73225.08836898461
1.238 71897.63518602368
1.2415 70623.99121187747
1.245 69402.11871452017
1.2485 68230.05494592612
1.252 67105.90941920991
1.2555 66027.86128400174
1.259 64994.15679652583
1.2625 64003.10688097628
1.266 63053.0847789071
1.2695 62142.52378347024
1.273 61269.91505544992
1.2765 60433.805518150606
1.28 59632.79582830293
1.2835 58865.53842025084
1.287 58130.73562078501
1.2905 57427.13783207924
1.294 56753.541780280124
1.2975 56108.788827386554
1.301 55491.76334414126
1.3045 54901.39114173883
1.3079999999999998 54336.6379602325
1.3115 53796.508011598606
1.315 53280.04257549175
1.3185 52786.31864579176
1.322 52314.44762611546
1.3255 51863.57407252873
1.329 51432.87448175921
1.3325 51021.556123270944
1.3359999999999999 50628.85591362092
1.3395000000000001 50254.03933157433
1.343 49896.39937251
1.3465 49555.25554070044
1.35 49229.95287810147
1.3535 48919.86102833616
1.357 48624.373334603915
1.3605 48342.905970292435
1.3639999999999999 48074.89710111325
1.3675 47819.806077624504
1.371 47577.112657045116
1.3745 47346.31625330432
1.378 47126.93521430788
1.3815 46918.50612543953
1.385 46720.583138351365
1.3885 46532.73732413039
1.392 46354.556049962
1.3955 46185.6423784425
1.399 46025.614488723026
1.4025 45874.10511869689
1.406 45730.76102747081
1.4095 45595.24247738758
1.413 45467.22273489412
1.4165 45346.387589574486
1.42 45232.4348906914
1.4235 45125.07410060429
1.427 45024.02586445358
1.4304999999999999 44929.021595523795
1.434 44839.80307571875
1.4375 44756.12207060237
1.441 44677.739958478945
1.4445000000000001 44604.42737300485
1.448 44535.96385884269
1.4515 44472.13753988568
1.455 44412.74479959818
1.4585 44357.58997303334
1.462 44306.485050105824
1.4655 44259.24938971191
1.469 44215.709444304426
1.4725000000000001 44175.69849454395
1.476 44139.05639366146
1.4795 44105.6293211806
1.483 44075.269545660376
1.4865 44047.8351961317
1.49 44023.190041912654
1.4935 44001.20328049835
1.4969999999999999 43981.74933323326
1.5005 43964.70764848338
1.504 43949.96251203626
1.5074999999999998 43937.40286446674
1.5110000000000001 43926.92212521562
1.5145 43918.41802313764
1.518 43911.79243328369
1.5215 43906.9512196913
1.525 43903.80408396467
1.5285 43902.264419434374
1.532 43902.2491706936
1.5354999999999999 43903.678698315714
1.5390000000000001 43906.47664856486
1.5425 43910.5698279176
1.546 43915.88808222111
1.5495 43922.36418031879
1.553 43929.93370198105
1.5565 43938.53492998422
1.56 43948.10874618665
1.5635 43958.59853145655
1.5670000000000002 43969.9500693109
1.5705 43982.11059703826
1.574 43995.017452515036
1.5775000000000001 44008.60261339837
1.581 44022.802353178595
1.5845 44037.557198967974
1.588 44052.8116602227
1.5915 44068.51397488539
1.5950000000000002 44084.61587180364
1.5985 44101.07234835779
1.6019999999999999 44117.84146230252
1.6055 44134.884136894034
1.609 44152.163978436816
1.6124999999999998 44169.64710544159
1.616 44187.30198864052
1.6195 44205.09930115591
1.623 44223.01177816491
1.6265 44241.0140854473
1.63 44259.082696243386
1.6335 44277.19577588698
1.637 44295.33307371429
1.6404999999999998 44313.47582178162
1.6440000000000001 44331.606639956284
1.6475 44349.7094469732
1.651 44367.76937707651
1.6545 44385.77270189056
1.658 44403.70675718746
1.6615 44421.55987424066
1.665 44439.32131547352
1.6684999999999999 44456.981214131214
1.6720000000000002 44474.53051772172
1.6755 44491.96093498815
1.679 44509.264886189856
1.6825 44526.43545648424
1.686 44543.46635221469
1.6895 44560.35185992196
1.693 44577.086807909
1.6965 44593.66653019901
1.7000000000000002 44610.086832737594
1.7035 44626.34396169892
1.707 44642.43457376479
1.7105000000000001 44658.355708253956
1.714 44674.10476098664
1.7174999999999998 44689.679459776555
1.721 44705.07784144972
1.7245 44720.29823029507
1.728 44735.33921785897
1.7315 44750.19964399981
1.7349999999999999 44764.878579125514
1.7385 44779.3753075407
1.742 44793.68931183513
1.7454999999999998 44807.82025824931
1.749 44821.767982957404
1.7525 44835.53247921048
1.756 44849.1138852879
1.7595 44862.51247320668
1.763 44875.72863814267
1.7665 44888.76288851965
1.77 44901.615836725556
1.7734999999999999 44914.2881904173
1.7770000000000001 44926.78074437813
1.7805 44939.09437289371
1.784 44951.23002261516
1.7875 44963.188705879154
1.791 44974.97149445712
1.7945 44986.57951370737
1.798 44998.013937105236
1.8014999999999999 45009.27598112826
1.8050000000000002 45020.36690047459
1.8085 45031.287983594106
1.812 45042.04054851323
1.8155000000000001 45052.62593893513
1.819 45063.04552059868
1.8225 45073.30067788013
1.826 45083.3928106224
1.8295 45093.32333117838
1.833 45103.09366165449
1.8365 45112.70523134259
1.8399999999999999 45122.15947432834
1.8435 45131.45782726517
1.847 45140.60172730351
1.8505 45149.59261016568
1.854 45158.43190835743
1.8575 45167.12104950736
1.861 45175.66145482654
1.8645 45184.054537680575
1.8679999999999999 45192.30170226705
1.8715 45200.40434239183
1.875 45208.3638403379
1.8785 45216.18156582086
1.8820000000000001 45223.85887502559
1.8855 45231.3971097189
1.889 45238.79759643332
1.8925 45246.061645717506
1.896 45253.1905514488
1.8995 45260.185590204186
1.903 45267.048020685594
1.9065 45273.779083196205
1.9100000000000001 45280.379999164405
1.9135 45286.85197071211
1.917 45293.19618026474
1.9205 45299.413790199986
1.924 45305.505942532836
1.9275 45311.47375863444
1.931 45317.31833898258
1.9345 45323.04076294165
1.9380000000000002 45328.64208857013
1.9415 45334.123352453826
1.945 45339.48556956293
1.9485000000000001 45344.72973313167
1.952 45349.85681455873
1.9555 45354.86776332715
1.959 45359.76350694257
1.9625000000000001 45364.54495088843
1.9660000000000002 45369.21297859714
1.9695 45373.76845143622
1.973 45378.21220870834
1.9765000000000001 45382.54506766458
1.98 45386.767823530055
1.9835 45390.88124954114
1.9869999999999999 45394.886096993716
1.9905 45398.78309530189
1.9939999999999998 45402.57295206651
1.9975 45406.25635315328
2.001 45409.83396277983
2.0045 45413.306423611466
2.008 45416.67435686544
2.0115 45419.93836242333
2.0149999999999997 45423.099018951354
2.0185 45426.15688402862
2.022 45429.112494283065
2.0255 45431.9663655351
2.029 45434.71899294899
2.0324999999999998 45437.37085119184
2.036 45439.92239460053
2.0395 45442.37405735651
2.043 45444.7262536687
2.0465 45446.9793779647
2.05 45449.133805090496
2.0535 45451.18989051903
2.057 45453.147970567865
2.0605 45455.00836262638
2.064 45456.77136539275
2.0675 45458.437259121376
2.0709999999999997 45460.00630588085
2.0745 45461.47874982339
2.078 45462.85481746585
2.0815 45464.13471798318
2.085 45465.318643514714
2.0885 45466.406769484
2.092 45467.399254932825
2.0955 45468.29624286988
2.099 45469.09786063528
2.1025 45469.80422028089
2.106 45470.41541896792
2.1095 45470.931539382116
2.113 45471.35265016742
2.1165000000000003 45471.67880637886
2.12 45471.91004995562
2.1235 45472.046410214774
2.127 45472.08790436682
2.1305 45472.03453805356
2.134 45471.886305909386
2.1375 45471.643192146395
2.141 45471.30517116457
2.1445 45470.8722081873
2.148 45470.34425992339
2.1515 45469.721275256095
2.1550000000000002 45469.00319595969
2.1585 45468.18995744452
2.162 45467.28148953091
2.1655 45466.277717252444
2.169 45465.178561689136
2.1725000000000003 45463.98394083089
2.176 45462.69377047148
2.1795 45461.30796513328
2.183 45459.82643902286
2.1865 45458.24910701755
2.19 45456.57588568261
2.1935000000000002 45454.80669431899
2.197 45452.94145604118
2.2005 45450.98009888469
2.2039999999999997 45448.92255694237
2.2075 45446.76877152876
2.211 45444.5186923715
2.2145 45442.1722788285
2.218 45439.72950112945
2.2215 45437.19034164011
2.2249999999999996 45434.55479614758
2.2285 45431.822875164355
2.232 45428.99460524909
2.2355 45426.07003034159
2.239 45423.04921310906
2.2424999999999997 45419.9322363011
2.246 45416.71920410986
2.2495 45413.41024353227
2.253 45410.005505730645
2.2565 45406.505167387644
2.26 45402.90943205206
2.2635 45399.218531470404
2.267 45395.432726900886
2.2705 45391.55231040421
2.274 45387.57760610721
2.2775 45383.50897143384
2.2809999999999997 45379.34679829921
2.2845 45375.09151426093
2.2880000000000003 45370.74358362309
2.2915 45366.30350848754
2.295 45361.77182974718
2.2984999999999998 45357.14912801667
2.302 45352.43602449453
2.3055 45347.63318175281
2.309 45342.74130444862
2.3125 45337.76113995328
2.316 45332.69347889459
2.3195 45327.539155607985
2.323 45322.2990484928
2.3265000000000002 45316.97408026985
2.33 45311.5652181374
2.3335 45306.073473822355
2.3369999999999997 45300.49990352461
2.3405 45294.84560775249
2.3440000000000003 45289.111731047255
2.3475 45283.2994615972
2.351 45277.41003073808
2.3545 45271.44471234247
2.358 45265.40482209581
2.3615 45259.29171665558
2.365 45253.106792672166
2.3685 45246.8514854287
2.372 45240.527282722374
2.3755 45234.13565834471
2.379 45227.67818993879
2.3825000000000003 45221.15644774847
2.386 45214.57204309037
2.3895 45207.92661818993
2.393 45201.221844329426
2.3965 45194.459420069725
2.4000000000000004 45187.641069427744
2.4035 45180.768540002595
2.407 45173.84360105085
2.4105 45166.868041519454
2.414 45159.84366804197
2.4175 45152.77230290563
2.4210000000000003 45145.65578199544
2.4245 45138.49595272363
2.428 45131.294671951095
2.4314999999999998 45124.0538039073
2.435 45116.77521811644
2.4385 45109.46078733573
2.442 45102.11238551324
2.4455 45094.73188577014
2.449 45087.32115841497
2.4524999999999997 45079.882068993844
2.456 45072.416476383456
2.4595 45064.9262309306
2.463 45057.41317264358
2.4665 45049.87912943926
2.4699999999999998 45042.32591544966
2.4735 45034.75532939173
2.477 45027.169153002884
2.4805 45019.56914954521
2.484 45011.95706238036
2.4875 45004.33461361715
2.491 44996.70350283302
2.4945 44989.06540587055
2.498 44981.42197370993
2.5015 44973.77483141719
2.505 44966.12557716888
2.5084999999999997 44958.475781352536
2.512 44950.826985742155
2.5155 44943.18070274872
2.519 44935.5384147436
2.5225 44927.90157345409
2.526 44920.271599429856
2.5295 44912.64988157789
2.533 44905.03777676462
2.5365 44897.43660948296
2.54 44889.847671582225
2.5435 44882.27222205875
2.547 44874.711486904554
2.5505 44867.16665901199
2.5540000000000003 44859.63889813194
2.5575 44852.12933088267
2.561 44844.6390508072
2.5645 44837.16911847646
2.568 44829.72056163586
2.5715 44822.29437539241
2.575 44814.89152244036
2.5785 44807.512933322556
2.582 44800.15950672504
2.5855 44792.83210980285
2.589 44785.531578534414
2.5925000000000002 44778.25871810227
2.596 44771.014303298034
2.5995 44763.799078949516
2.603 44756.61376036777
2.6065 44749.459033812076
2.6100000000000003 44742.33555697128
2.6135 44735.243959459265
2.617 44728.18484332297
2.6205 44721.15878356135
2.624 44714.16632865382
2.6275 44707.208001095976
2.6310000000000002 44700.28429794243
2.6345 44693.395691354
2.638 44686.54262914912
2.6414999999999997 44679.7255353577
2.645 44672.944810776346
2.6485 44666.2008335242
2.652 44659.493959598025
2.6555 44652.824523425974
2.659 44646.19283841902
2.6624999999999996 44639.59919751927
2.666 44633.04387374441
2.6695 44626.52712072803
2.673 44620.04917325442
2.6765 44613.610247788005
2.6799999999999997 44607.21054299672
2.6835 44600.85024026867
2.687 44594.52950422194
2.6905 44588.24848320685
2.694 44582.00730980084
2.6975 44575.80610129527
2.701 44569.6449601739
2.7045 44563.523974583135
2.708 44557.44321879363
2.7115 44551.40275365308
2.715 44545.40262703026
2.7184999999999997 44539.442874249864
2.722 44533.523518518654
2.7255000000000003 44527.64457134214
2.729 44521.80603293233
2.7325 44516.00789260633
2.7359999999999998 44510.25012917569
2.7395 44504.5327113269
2.743 44498.85559799238
2.7465 44493.218738712894
2.75 44487.62207399063
2.7535 44482.06553563367
2.757 44476.549047091554
2.7605 44471.07252378197
2.7640000000000002 44465.635873409155
2.7675 44460.238996273634
2.771 44454.88178557342
2.7744999999999997 44449.564127697326
2.778 44444.28590250983
2.7815000000000003 44439.04698362813
2.785 44433.8472386913
2.7885 44428.68652962166
2.792 44423.5647128786
2.7955 44418.48163970521
2.799 44413.43715636716
2.8025 44408.43110438491
2.806 44403.46332075869
2.8095 44398.533638186644
2.813 44393.64188527649
2.8165 44388.78788675031
2.8200000000000003 44383.97146364331
2.8235 44379.19243349617
2.827 44374.450610541215
2.8305 44369.74580588291
2.834 44365.07782767224
2.8375000000000004 44360.44648127571
2.841 44355.85156943869
2.8445 44351.29289244348
2.848 44346.770248261986
2.8515 44342.283432703545
2.855 44337.83223955757
2.8585000000000003 44333.416460731474
2.862 44329.03588638391
2.8655 44324.69030505339
2.869 44320.379503782504
2.8725 44316.10326823787
2.8760000000000003 44311.86138282573
2.8795 44307.653630803594
2.883 44303.47979438793
2.8865 44299.33965485796
2.89 44295.232992655685
2.8935000000000004 44291.15958748237
2.8970000000000002 44287.11921839143
2.9005 44283.11166387801
2.904 44279.13670196502
2.9075 44275.19411028624
2.911 44271.28366616613
2.9145000000000003 44267.40514669657
2.918 44263.55832881085
2.9215 44259.74298935464
2.9250000000000003 44255.95890515433
2.9285 44252.205853082516
2.9320000000000004 44248.4836101212
2.9355 44244.7919534221
2.939 44241.130660364855
2.9425 44237.4995086127
2.946 44233.898276165964
2.9495000000000005 44230.32674141319
2.9530000000000003 44226.7846831803
2.9565 44223.271880777655
2.96 44219.788114044975
2.9635000000000002 44216.33316339453
2.967 44212.90680985225
2.9705 44209.5088350972
2.9739999999999998 44206.13902149919
2.9775 44202.797152154686
2.981 44199.483010921125
2.9844999999999997 44196.19638244965
2.9879999999999995 44192.93705221624
2.9915 44189.704806551454
2.995 44186.49943266862
2.9985 44183.32071869075
3.002 44180.16845367609
3.0054999999999996 44177.042427642285
3.009 44173.94243158941
3.0124999999999997 44170.86825752172
3.016 44167.819698468345
3.0195 44164.79654850264
3.0229999999999997 44161.79860276068
3.0265 44158.82565745855
3.03 44155.8775099087
3.0335 44152.953958535334
3.037 44150.05480288873
3.0404999999999998 44147.17984365884
3.0439999999999996 44144.32888268782
3.0475 44141.50172298189
3.051 44138.698168722214
3.0545 44135.91802527513
3.058 44133.161099201505
3.0614999999999997 44130.42719826541
3.065 44127.716131442205
3.0685 44125.027708925634
3.072 44122.36174213467
3.0755 44119.71804371937
3.0789999999999997 44117.09642756634
3.0825 44114.49670880356
3.086 44111.91870380459
3.0895 44109.36223019235
3.093 44106.82710684215
3.0965 44104.313153884694
3.0999999999999996 44101.8201927079
3.1035 44099.34804595895
3.107 44096.896537545435
3.1105 44094.465492636264
3.114 44092.054737662176
3.1174999999999997 44089.66410031569
3.121 44087.29340955091
3.1245 44084.9424955828
3.128 44082.611189886135
3.1315 44080.29932519418
3.135 44078.00673549699
3.1385 44075.73325603947
3.142 44073.47872331901
3.1455 44071.242975082976
3.149 44069.02585032591
3.1525 44066.82718928633
3.1559999999999997 44064.646833443534
3.1595 44062.484625513884
3.1630000000000003 44060.340409447126
3.1665 44058.214030422256
3.17 44056.10533484346
3.1734999999999998 44054.014170335526
3.177 44051.94038573935
3.1805 44049.88383110711
3.184 44047.84435769738
3.1875 44045.8218179699
3.191 44043.81606558042
3.1945 44041.8269553752
3.198 44039.85434338562
3.2015000000000002 44037.89808682222
3.205 44035.95804406926
3.2085 44034.034074678464
3.2119999999999997 44032.12603936323
3.2155 44030.233799992355
3.2190000000000003 44028.35721958384
3.2225 44026.4961622986
3.226 44024.65049343403
3.2295 44022.82007941748
3.233 44021.0047877997
3.2365 44019.20448724826
3.24 44017.41904754077
3.2435 44015.648339558094
3.247 44013.892235277606
3.2505 44012.150607766256
3.254 44010.42333117363
3.2575000000000003 44008.71028072502
3.261 44007.01133271436
3.2645 44005.32636449727
3.268 44003.65525448379
3.2715 44001.99788213149
3.2750000000000004 44000.35412793816
3.2785 43998.72387343469
3.282 43997.10700117798
3.2855 43995.50339474359
3.289 43993.91293871858
3.2925 43992.33551869436
3.2960000000000003 43990.7710212593
3.2995 43989.21933399166
3.303 43987.68034545219
3.3065 43986.15394517698
3.31 43984.64002367013
3.3135000000000003 43983.13847239663
3.317 43981.64918377494
3.3205 43980.17205116994
3.324 43978.70696888555
3.3275 43977.25383215761
3.3310000000000004 43975.812537146645
3.3345000000000002 43974.38298093065
3.338 43972.96506149799
3.3415 43971.558677740155
3.345 43970.16372944466
3.3485 43968.780117287984
3.3520000000000003 43967.40774282833
3.3555 43966.04650849867
3.359 43964.69631759971
3.3625000000000003 43963.35707429272
3.366 43962.0286835927
3.3695000000000004 43960.71105136132
3.373 43959.40408429995
3.3765 43958.107689942844
3.38 43956.82177665011
3.3835 43955.54625360105
3.3870000000000005 43954.28103078713
3.3905000000000003 43953.02601900534
3.394 43951.78112985134
3.3975 43950.54627571284
3.4010000000000002 43949.3213697628
3.4045 43948.10632595282
3.408 43946.90105900659
3.4114999999999998 43945.70548441318
3.415 43944.519518420646
3.4185 43943.34307802933
3.4219999999999997 43942.17608098563
3.4254999999999995 43941.01844577533
3.429 43939.87009161743
3.4325 43938.730938457586
3.436 43937.60090696197
3.4395 43936.47991851092
3.4429999999999996 43935.367895192656
3.4465 43934.2647597972
3.4499999999999997 43933.17043581014
3.4535 43932.08484740655
3.457 43931.00791944493
3.4604999999999997 43929.93957746114
3.464 43928.87974766247
3.4675 43927.82835692161
3.471 43926.785332770865
3.4745 43925.750603396154
3.4779999999999998 43924.72409763132
3.4814999999999996 43923.70574495225
3.485 43922.6954754712
3.4885 43921.693219931076
3.492 43920.698909699815
3.4955 43919.71247676469
3.4989999999999997 43918.73385372686
3.5025 43917.762973795754
3.506 43916.79977078362
3.5095 43915.8441791001
3.513 43914.896133746806
3.5164999999999997 43913.955570311926
3.52 43913.02242496502
3.5235 43912.09663445169
3.527 43911.17813608824
3.5305 43910.26686775666
3.534 43909.36276789941
3.5374999999999996 43908.46577551427
3.541 43907.5758301493
3.5445 43906.69287189786
3.548 43905.816841393585
3.5515 43904.94767980544
3.5549999999999997 43904.08532883281
3.5585 43903.2297307007
3.562 43902.38082815486
3.5655 43901.538564456976
3.569 43900.70288338003
3.5725 43899.8737292035
3.576 43899.05104670875
3.5795 43898.234781174404
3.583 43897.4248783718
3.5865 43896.62128456033
3.59 43895.82394648307
3.5934999999999997 43895.032811362275
3.597 43894.24782689489
3.6005000000000003 43893.468941248255
3.604 43892.696103055714
3.6075 43891.92926141228
3.6109999999999998 43891.1683658704
3.6145 43890.41336643572
3.618 43889.66421356285
3.6215 43888.92085815124
3.625 43888.18325154104
3.6285 43887.45134550899
3.632 43886.725092264445
3.6355 43886.00444444523
3.6390000000000002 43885.28935511379
3.6425 43884.57977775317
3.646 43883.87566626316
3.6494999999999997 43883.17697495635
3.653 43882.48365855432
3.6565000000000003 43881.7956721839
3.66 43881.11297137331
3.6635 43880.435512048476
3.667 43879.76325052931
3.6705 43879.09614352605
3.674 43878.43414813562
3.6775 43877.777221838034
3.681 43877.12532249281
3.6845 43876.47840833548
3.688 43875.83643797405
3.6915 43875.19937038553
3.6950000000000003 43874.5671649125
3.6985 43873.9397812597
3.702 43873.31717949069
3.7055 43872.69932002445
3.709 43872.08616363209
3.7125000000000004 43871.47767143357
3.716 43870.87380489447
3.7195 43870.27452582272
3.723 43869.67979636547
3.7265 43869.08957900584
3.73 43868.50383655988
3.7335000000000003 43867.92253217341
3.737 43867.34562931895
3.7405 43866.77309179273
3.744 43866.20488371158
3.7475 43865.640969509994
3.7510000000000003 43865.08131393718
3.7545 43864.52588205416
3.758 43863.9746392307
3.7615 43863.427551142675
3.765 43862.884583769024
3.7685000000000004 43862.34570338897
3.7720000000000002 43861.81087657932
3.7755 43861.280070211564
3.779 43860.75325144924
3.7825 43860.23038774511
3.786 43859.71144683853
3.7895000000000003 43859.196396752806
3.793 43858.685205792506
3.7965 43858.17784254083
3.8000000000000003 43857.67427585703
3.8035 43857.17447487394
3.8070000000000004 43856.678408995285
3.8105 43856.18604789321
3.814 43855.69736150583
3.8175 43855.212320034734
3.821 43854.7308939425
3.8245000000000005 43854.25305395034
3.8280000000000003 43853.77877103565
3.8315 43853.308016429604
3.835 43852.8407616149
3.8385000000000002 43852.376978323315
3.842 43851.91663853346
3.8455 43851.45971446845
3.8489999999999998 43851.0061785937
3.8525 43850.55600361463
3.856 43850.10916247442
3.8594999999999997 43849.66562835187
3.8629999999999995 43849.22537465915
3.8665 43848.788375039716
3.87 43848.3546033661
3.8735 43847.924033737836
3.877 43847.496640479316
3.8804999999999996 43847.07239813779
3.884 43846.651281481194
3.8874999999999997 43846.233265496216
3.891 43845.81832538619
3.8945 43845.406436569196
3.8979999999999997 43844.99757467596
3.9015 43844.59171554798
3.905 43844.188835235575
3.9085 43843.78890999585
3.912 43843.39191629099
3.9154999999999998 43842.99783078617
3.9189999999999996 43842.60663034784
3.9225 43842.21829204174
3.926 43841.832793131194
3.9295 43841.45011107517
3.933 43841.0702235266
3.9364999999999997 43840.693108330495
3.94 43840.318743522235
3.9435 43839.947107325854
3.947 43839.57817815214
3.9505 43839.2119345972
3.9539999999999997 43838.84835544048
3.9575 43838.487419643316
3.961 43838.129106347056
3.9645 43837.773394871576
3.968 43837.42026471359
3.9715 43837.06969554495
3.9749999999999996 43836.72166721124
3.9785 43836.37615972995
3.982 43836.033153289114
3.9855 43835.69262824559
3.989 43835.35456512363
3.9924999999999997 43835.018944613286
3.996 43834.685747568896
3.9995 43834.354955007715
4.003 43834.02654810819
4.0065 43833.70050820869
4.01 43833.37681680604
4.0135 43833.05545555389
4.0169999999999995 43832.73640626158
4.0205 43832.419650892436
4.024 43832.10517156258
4.0275 43831.79295053942
4.031 43831.48297024036
4.0344999999999995 43831.17521323136
4.038 43830.86966222565
4.0415 43830.56630008237
4.045 43830.265109805216
4.0485 43829.966074541204
4.052 43829.66917757933
4.0555 43829.374402349255
4.059 43829.08173242008
4.0625 43828.791151499114
4.066 43828.50264343051
4.0695 43828.21619219413
4.073 43827.931781904284
4.0765 43827.64939680856
4.08 43827.36902128656
4.0835 43827.09063984873
4.087 43826.81423713517
4.0905000000000005 43826.53979791455
4.094 43826.26730708282
4.0975 43825.99674966215
4.101 43825.72811079982
4.1045 43825.461375766994
4.1080000000000005 43825.19652995772
4.1115 43824.93355888775
4.115 43824.67244819349
4.1185 43824.413183630866
4.122 43824.15575107434
4.1255 43823.90013651574
4.129 43823.646326063325
4.1325 43823.39430594069
4.136 43823.14406248567
4.1395 43822.895582149424
4.143 43822.648851495374
4.1465 43822.403857198224
4.15 43822.16058604291
4.1535 43821.91902492371
4.157 43821.6791608432
4.1605 43821.44098091128
4.164 43821.204472344274
4.1675 43820.969622464
4.171 43820.7364186967
4.1745 43820.50484857227
4.178 43820.27489972324
4.1815 43820.04655988391
4.1850000000000005 43819.81981688944
4.1885 43819.59465867491
4.192 43819.37107327449
4.1955 43819.149048820575
4.199 43818.92857354284
4.202500000000001 43818.70963576748
4.206 43818.49222391623
4.2095 43818.276326505664
4.213 43818.06193214623
4.2165 43817.849029541496
4.220000000000001 43817.63760748738
4.2235000000000005 43817.42765487112
4.227 43817.21916067075
4.2305 43817.01211395412
4.234 43816.80650387816
4.2375 43816.60231968803
4.241 43816.39955071652
4.2445 43816.19818638307
4.248 43815.99821619313
4.2515 43815.79962973744
4.255 43815.60241669111
4.2585 43815.40656681306
4.2620000000000005 43815.21206994522
4.2655 43815.0189160118
4.269 43814.827095018554
4.2725 43814.636597052086
4.276 43814.44741227917
4.2795000000000005 43814.259530946
4.2829999999999995 43814.072943377534
4.2865 43813.88763997679
4.29 43813.70361122415
4.2935 43813.52084767673
4.297 43813.33933996767
4.3004999999999995 43813.159078805525
4.304 43812.98005497352
4.3075 43812.80225932901
4.311 43812.62568280272
4.3145 43812.45031639822
4.318 43812.27615119124
4.3215 43812.10317832904
4.325 43811.93138902975
4.3285 43811.76077458191
4.332 43811.591326343645
4.3355 43811.42303574226
4.3389999999999995 43811.25589427348
4.342499999999999 43811.08989350099
4.346 43810.925025055774
4.3495 43810.76128063554
4.353 43810.59865200419
4.3565 43810.43713099117
4.359999999999999 43810.27670949101
4.3635 43810.11737946269
4.367 43809.95913292906
4.3705 43809.80196197638
4.374 43809.64585875374
4.3774999999999995 43809.49081547245
4.381 43809.33682440562
4.3845 43809.183877887546
4.388 43809.03196831328
4.3915 43808.88108813793
4.395 43808.73122987634
4.3985 43808.58238610252
4.402 43808.43454944907
4.4055 43808.28771260675
4.409 43808.14186832397
4.4125 43807.99700940628
4.416 43807.85312871589
4.4195 43807.71021917124
4.423 43807.568273746416
4.4265 43807.427285470745
4.43 43807.28724742835
4.4335 43807.148152757625
4.437 43807.00999465075
4.4405 43806.87276635338
4.444 43806.73646116402
4.4475 43806.601072433674
4.451 43806.46659356536
4.4544999999999995 43806.33301801373
4.458 43806.20033928453
4.4615 43806.068550934244
4.465 43805.93764656968
4.4685 43805.80761984749
4.4719999999999995 43805.67846447375
4.4755 43805.55017420361
4.479 43805.42274284077
4.4825 43805.296164237225
4.486 43805.1704322927
4.4895 43805.04554095433
4.493 43804.92148421628
4.4965 43804.79825611926
4.5 43804.67585075023
4.5035 43804.55426224202
4.507 43804.43348477279
4.5104999999999995 43804.31351256584
4.514 43804.19433988916
4.5175 43804.07596105497
4.521 43803.95837041949
4.5245 43803.841562382484
4.5280000000000005 43803.72553138697
4.531499999999999 43803.61027191871
4.535 43803.49577850603
4.5385 43803.382045719394
4.542 43803.26906817099
4.5455 43803.15684051445
4.549 43803.045357444564
4.552499999999999 43802.93461369676
4.556 43802.824604046946
4.5595 43802.71532331109
4.563 43802.6067663449
4.5665 43802.498928043424
4.57 43802.391803340885
4.573499999999999 43802.28538721023
4.577 43802.1796746628
4.5805 43802.074660748134
4.584 43801.97034055349
4.5874999999999995 43801.86670920368
4.591 43801.76376186065
4.5945 43801.661493723244
4.598 43801.55990002686
4.6015 43801.45897604316
4.605 43801.35871707983
4.608499999999999 43801.259118480135
4.612 43801.16017562277
4.6155 43801.0618839215
4.619 43800.96423882492
4.6225 43800.867235816106
4.626 43800.77087041234
4.6295 43800.67513816492
4.633 43800.58003465874
4.6365 43800.485555512154
4.640000000000001 43800.39169637657
4.6434999999999995 43800.29845293628
4.647 43800.205820908166
4.6505 43800.113796041405
4.654 43800.0223741172
4.6575 43799.9315509486
4.6610000000000005 43799.841322380125
4.664499999999999 43799.751684287585
4.668 43799.66263257785
4.6715 43799.574163188474
4.675 43799.48627208755
4.6785 43799.398955273464
4.682 43799.3122087746
4.685499999999999 43799.226028649166
4.689 43799.140410984764
4.6925 43799.055351898445
4.696 43798.97084753621
4.6995 43798.88689407295
4.703 43798.80348771211
4.7065 43798.72062468546
4.71 43798.638301252955
4.7135 43798.55651370242
4.7170000000000005 43798.47525834933
4.7204999999999995 43798.39453153664
4.724 43798.31432963453
4.7275 43798.23464904015
4.731 43798.15548617751
4.7345 43798.07683749714
4.738 43797.99869947592
4.7415 43797.92106861694
4.745 43797.843941449166
4.7485 43797.767314527315
4.752000000000001 43797.69118443165
4.7555 43797.61554776771
4.759 43797.540401166196
4.7625 43797.4657412827
4.766 43797.39156479748
4.7695 43797.317868415405
4.773000000000001 43797.24464886556
4.7764999999999995 43797.17190290129
4.78 43797.09962729973
4.7835 43797.02781886185
4.787 43796.95647441213
4.7905 43796.885590798425
4.7940000000000005 43796.81516489176
4.797499999999999 43796.7451935862
4.801 43796.67567379856
4.8045 43796.60660246831
4.808 43796.53797655737
4.8115 43796.469793049924
4.815 43796.40204895226
4.8185 43796.33474129259
4.822 43796.26786712082
4.8255 43796.20142350852
4.829000000000001 43796.13540754857
4.8325 43796.06981635513
4.836 43796.0046470634
4.8395 43795.939896829535
4.843 43795.87556283035
4.8465 43795.81164226326
4.8500000000000005 43795.74813234609
4.8535 43795.685030316905
4.857 43795.62233343384
4.8605 43795.560038974996
4.864000000000001 43795.498144238205
4.8675 43795.436646540955
4.871 43795.37554322014
4.8745 43795.314831632015
4.878 43795.25450915196
4.8815 43795.19457317437
4.885000000000001 43795.13502111249
4.8885 43795.07585039829
4.892 43795.017058482284
4.8955 43794.95864283342
4.899 43794.90060093893
4.9025 43794.84293030411
4.906000000000001 43794.78562845234
4.9094999999999995 43794.728692924764
4.913 43794.67212128028
4.9165 43794.61591109538
4.92 43794.56005996391
4.9235 43794.50456549709
4.9270000000000005 43794.44942532324
4.9305 43794.39463708778
4.934 43794.34019845298
4.9375 43794.286107097854
4.941 43794.232360718146
4.9445 43794.17895702598
4.9479999999999995 43794.12589374996
4.9515 43794.07316863488
4.955 43794.020779441715
4.9585 43793.968723947364
4.962 43793.916999944675
4.9655000000000005 43793.86560524221
4.968999999999999 43793.814537664206
4.9725 43793.76379505033
4.976 43793.71337525572
4.9795 43793.66327615076
4.983 43793.61349562098
4.9865 43793.56403156695
4.989999999999999 43793.51488190419
4.9935 43793.46604456298
4.997 43793.417517488335
5.0005 43793.369298639824
5.004 43793.3213859915
5.0075 43793.27377753177
5.010999999999999 43793.22647126331
5.0145 43793.17946520287
5.018 43793.132757381325
5.0215 43793.086345843374
5.0249999999999995 43793.0402286476
5.0285 43792.99440386628
5.032 43792.948869585285
5.0355 43792.90362390398
5.039 43792.85866493517
5.0425 43792.81399080491
5.045999999999999 43792.76959965245
5.0495 43792.725489630204
5.053 43792.681658903486
5.0565 43792.638105650556
5.06 43792.59482806247
5.0635 43792.55182434298
5.067 43792.509092708424
5.0705 43792.46663138769
5.074 43792.42443862202
5.077500000000001 43792.382512665026
5.0809999999999995 43792.34085178252
5.0845 43792.299454252454
5.088 43792.25831836483
5.0915 43792.21744242157
5.095 43792.17682473648
5.0985000000000005 43792.13646363515
5.101999999999999 43792.0963574548
5.1055 43792.05650454429
5.109 43792.01690326399
5.1125 43791.97755198562
5.116 43791.9384490923
5.1195 43791.89959297839
5.122999999999999 43791.860982049395
5.1265 43791.8226147219
5.13 43791.78448942348
5.1335 43791.746604592634
5.137 43791.70895867868
5.1405 43791.67155014173
5.144 43791.6343774525
5.1475 43791.59743909229
5.151 43791.560733552986
5.1545000000000005 43791.52425933685
5.1579999999999995 43791.488014956514
5.1615 43791.45199893486
5.165 43791.41620980499
5.1685 43791.380646110134
5.172 43791.345306403564
5.1755 43791.3101892485
5.179 43791.27529321809
5.1825 43791.24061689529
5.186 43791.20615887283
5.189500000000001 43791.171917753076
5.193 43791.13789214801
5.1965 43791.10408067921
5.2 43791.070481977615
5.2035 43791.03709468365
5.207 43791.00391744701
5.210500000000001 43790.97094892666
5.2139999999999995 43790.93818779075
5.2175 43790.905632716545
5.221 43790.87328239038
5.2245 43790.84113550752
5.228 43790.80919077224
5.2315000000000005 43790.77744689757
5.234999999999999 43790.74590260537
5.2385 43790.71455662623
5.242 43790.68340769939
5.2455 43790.65245457265
5.249 43790.621696002396
5.2525 43790.59113075343
5.256 43790.56075759897
5.2595 43790.53057532063
5.263 43790.50058270819
5.266500000000001 43790.47077855979
5.27 43790.441161681636
5.2735 43790.411730888045
5.277 43790.3824850014
5.2805 43790.35342285206
5.284 43790.3245432783
5.2875000000000005 43790.29584512624
5.291 43790.26732724986
5.2945 43790.23898851082
5.298 43790.21082777859
5.301500000000001 43790.18284393011
5.305 43790.15503585005
5.3085 43790.127402430546
5.312 43790.0999425712
5.3155 43790.072655179036
5.319 43790.04553916844
5.322500000000001 43790.01859346116
5.326 43789.9918169861
5.3295 43789.96520867945
5.333 43789.93876748451
5.3365 43789.91249235174
5.34 43789.88638223852
5.343500000000001 43789.86043610936
5.3469999999999995 43789.834652935686
5.3505 43789.80903169575
5.354 43789.78357137472
5.3575 43789.75827096456
5.361 43789.7331294639
5.3645000000000005 43789.70814587816
5.368 43789.68331921942
5.3715 43789.65864850625
5.375 43789.63413276387
5.3785 43789.609771024014
5.382 43789.58556232479
5.3854999999999995 43789.5615057108
5.389 43789.537600232994
5.3925 43789.51384494861
5.396 43789.490238921215
5.3995 43789.46678122054
5.4030000000000005 43789.44347092258
5.406499999999999 43789.42030710942
5.41 43789.39728886926
5.4135 43789.37441529635
5.417 43789.351685490925
5.4205 43789.32909855925
5.424 43789.30665361346
5.427499999999999 43789.28434977158
5.431 43789.26218615751
5.4345 43789.24016190091
5.438 43789.218276137195
5.4415 43789.19652800754
5.445 43789.17491665876
5.448499999999999 43789.15344124333
5.452 43789.13210091925
5.4555 43789.11089485016
5.459 43789.089822205184
5.4624999999999995 43789.068882158914
5.466 43789.04807389139
5.4695 43789.02739658803
5.473 43789.00684943966
5.4765 43788.986431642355
5.48 43788.96614239753
5.483499999999999 43788.94598091184
5.487 43788.92594639715
5.4905 43788.90603807046
5.494 43788.886255153935
5.4975 43788.86659687487
5.501 43788.84706246559
5.5045 43788.827651163396
5.508 43788.80836221071
5.5115 43788.78919485478
5.515000000000001 43788.77014834786
5.5184999999999995 43788.751221947074
5.522 43788.73241491437
5.5255 43788.71372651655
5.529 43788.69515602516
5.5325 43788.67670271653
5.5360000000000005 43788.65836587173
5.539499999999999 43788.64014477646
5.543 43788.62203872109
5.5465 43788.60404700061
5.55 43788.58616891464
5.5535 43788.56840376729
5.557 43788.55075086721
5.560499999999999 43788.53320952756
5.564 43788.51577906596
5.5675 43788.49845880443
5.571 43788.48124806942
5.5745 43788.464146191705
5.578 43788.44715250645
5.5815 43788.43026635308
5.585 43788.41348707533
5.5885 43788.396814021165
5.5920000000000005 43788.380246542736
5.5954999999999995 43788.36378399644
5.599 43788.34742574278
5.6025 43788.331171146434
5.606 43788.315019576126
5.6095 43788.29897040471
5.613 43788.28302300903
5.6165 43788.26717676999
5.62 43788.25143107246
5.6235 43788.23578530524
5.627000000000001 43788.220238861126
5.6305 43788.204791136784
5.634 43788.18944153274
5.6375 43788.174189453406
5.641 43788.159034306984
5.6445 43788.143975505525
5.648000000000001 43788.12901246481
5.6514999999999995 43788.114144604355
5.655 43788.09937134743
5.6585 43788.084692120974
5.662 43788.070106355626
5.6655 43788.05561348564
5.6690000000000005 43788.04121294889
5.672499999999999 43788.02690418687
5.676 43788.012686644586
5.6795 43787.99855977065
5.683 43787.984523017185
5.6865 43787.97057583976
5.69 43787.956717697474
5.6935 43787.94294805282
5.697 43787.929266371764
5.7005 43787.915672123665
5.704000000000001 43787.90216478123
5.7075 43787.88874382053
5.711 43787.875408721
5.7145 43787.862158965334
5.718 43787.84899403952
5.7215 43787.835913432864
5.7250000000000005 43787.82291663785
5.7285 43787.81000315022
5.732 43787.79717246888
5.7355 43787.78442409596
5.739000000000001 43787.77175753666
5.7425 43787.75917229942
5.746 43787.746667895706
5.7495 43787.73424384012
5.753 43787.72189965028
5.7565 43787.70963484695
5.760000000000001 43787.6974489538
5.7635 43787.68534149758
5.767 43787.673312008024
5.7705 43787.661360017824
5.774 43787.64948506258
5.7775 43787.63768668091
5.781000000000001 43787.62596441421
5.7844999999999995 43787.61431780689
5.788 43787.60274640612
5.7915 43787.591249761994
5.795 43787.5798274274
5.7985 43787.56847895802
5.8020000000000005 43787.557203912394
5.8055 43787.546001851726
5.809 43787.5348723401
5.8125 43787.523814944194
5.816 43787.51282923351
5.8195 43787.501914780216
5.8229999999999995 43787.49107115916
5.8265 43787.48029794782
5.83 43787.46959472636
5.8335 43787.45896107753
5.837 43787.448396586755
5.8405000000000005 43787.43790084196
5.843999999999999 43787.4274734337
5.8475 43787.41711395511
5.851 43787.40682200177
5.8545 43787.396597171886
5.858 43787.3864390661
5.8615 43787.37634728753
5.864999999999999 43787.366321441885
5.8685 43787.356361137194
5.872 43787.346465983945
5.8755 43787.33663559514
5.879 43787.32686958605
5.8825 43787.31716757447
5.885999999999999 43787.30752918048
5.8895 43787.29795402657
5.893 43787.288441737524
5.8965 43787.27899194049
5.8999999999999995 43787.26960426491
5.9035 43787.26027834254
5.907 43787.251013807385
5.9105 43787.24181029573
5.914 43787.23266744615
5.9175 43787.22358489939
5.920999999999999 43787.21456229846
5.9245 43787.20559928855
5.928 43787.196695517065
5.9315 43787.187850633585
5.935 43787.17906428983
5.9385 43787.17033613967
5.942 43787.16166583916
5.9455 43787.153053046386
5.949 43787.14449742162
5.952500000000001 43787.13599862719
5.9559999999999995 43787.12755632753
5.9595 43787.11917018907
5.963 43787.110839880355
5.9665 43787.10256507197
5.97 43787.094345436475
5.9735000000000005 43787.086180648505
5.976999999999999 43787.07807038461
5.9805 43787.07001432341
5.984 43787.06201214543
5.9875 43787.05406353322
5.991 43787.04616817116
5.9945 43787.03832574572
5.997999999999999 43787.03053594515
6.0015 43787.02279845971
6.005 43787.01511298147
6.0085 43787.007479204454
6.012 43786.99989682452
6.0155 43786.992365539365
6.019 43786.98488504858
6.0225 43786.97745505355
6.026 43786.97007525751
6.0295000000000005 43786.96274536548
6.0329999999999995 43786.95546508432
6.0365 43786.948234122596
6.04 43786.941052190734
6.0435 43786.933919000854
6.047 43786.926834266924
6.0505 43786.919797704526
6.054 43786.91280903106
6.0575 43786.90586796563
6.061 43786.898974229014
6.064500000000001 43786.89212754371
6.068 43786.8853276339
6.0715 43786.87857422545
6.075 43786.871867045826
6.0785 43786.86520582424
6.082 43786.85859029149
6.085500000000001 43786.85202018
6.0889999999999995 43786.84549522384
6.0925 43786.83901515866
6.096 43786.832579721755
6.0995 43786.826188651925
6.103 43786.81984168966
6.1065000000000005 43786.81353857694
6.109999999999999 43786.80727905732
6.1135 43786.801062875886
6.117 43786.79488977931
6.1205 43786.788759515795
6.124 43786.782671834946
6.1275 43786.776626488034
6.131 43786.77062322773
6.1345 43786.764661808236
6.138 43786.758741985184
6.141500000000001 43786.75286351575
6.145 43786.74702615851
6.1485 43786.74122967352
6.152 43786.73547382224
6.1555 43786.729758367655
6.159 43786.72408307407
6.1625000000000005 43786.71844770725
6.166 43786.71285203435
6.1695 43786.70729582397
6.173 43786.70177884601
6.176500000000001 43786.69630087184
6.18 43786.69086167412
6.1835 43786.685461026944
6.187 43786.680098705685
6.1905 43786.674774487125
6.194 43786.66948814935
6.197500000000001 43786.66423947178
6.201 43786.65902823513
6.2045 43786.65385422145
6.208 43786.64871721409
6.2115 43786.64361699769
6.215 43786.63855335815
6.218500000000001 43786.63352608268
6.2219999999999995 43786.628534959775
6.2255 43786.623579779116
6.229 43786.61866033172
6.2325 43786.61377640978
6.236 43786.608927806774
6.2395000000000005 43786.60411431741
6.243 43786.599335737556
6.2465 43786.59459186437
6.25 43786.58988249618
6.2535 43786.585207432465
6.257 43786.58056647401
6.2604999999999995 43786.57595942266
6.264 43786.571386081516
6.2675 43786.56684625483
6.271 43786.56233974798
6.2745 43786.55786636753
6.2780000000000005 43786.5534259212
6.281499999999999 43786.54901821782
6.285 43786.54464306735
6.2885 43786.54030028092
6.292 43786.53598967069
6.2955 43786.53171105002
6.299 43786.527464233324
6.302499999999999 43786.52324903615
6.306 43786.51906527509
6.3095 43786.51491276784
6.313 43786.51079133318
6.3165 43786.50670079094
6.32 43786.50264096203
6.323499999999999 43786.49861166841
6.327 43786.49461273307
6.3305 43786.49064398009
6.334 43786.48670523453
6.3374999999999995 43786.482796322496
6.341 43786.47891707116
6.3445 43786.47506730865
6.348 43786.47124686415
6.3515 43786.4674555678
6.355 43786.4636932508
6.358499999999999 43786.45995974529
6.362 43786.456254884404
6.3655 43786.45257850226
6.369 43786.448930434
6.3725 43786.445310515635
6.376 43786.44171858419
6.3795 43786.438154477684
6.383 43786.434618035
6.3865 43786.431109096025
6.390000000000001 43786.42762750156
6.3934999999999995 43786.42417309336
6.397 43786.420745714066
6.4005 43786.41734520729
6.404 43786.41397141748
6.4075 43786.41062419009
6.4110000000000005 43786.40730337141
6.414499999999999 43786.404008808655
6.418 43786.40074034988
6.4215 43786.397497844155
6.425 43786.39428114125
6.4285 43786.39109009197
6.432 43786.38792454788
6.435499999999999 43786.38478436151
6.439 43786.38166938615
6.4425 43786.378579475975
6.446 43786.37551448606
6.4495 43786.372474272255
6.453 43786.36945869129
6.4565 43786.36646760071
6.46 43786.36350085889
6.4635 43786.36055832504
6.4670000000000005 43786.35763985914
6.4704999999999995 43786.354745322074
6.474 43786.35187457547
6.4775 43786.34902748172
6.481 43786.346203904126
6.4845 43786.34340370667
6.488 43786.340626754194
6.4915 43786.33787291229
6.495 43786.33514204735
6.4985 43786.33243402651
6.502000000000001 43786.3297487177
6.5055 43786.32708598961
6.509 43786.32444571169
6.5125 43786.321827754124
6.516 43786.31923198789
6.5195 43786.31665828464
6.523000000000001 43786.31410651686
6.5264999999999995 43786.31157655768
6.53 43786.309068281036
6.5335 43786.306581561534
6.537 43786.30411627456
6.5405 43786.30167229617
6.5440000000000005 43786.29924950316
6.547499999999999 43786.29684777302
6.551 43786.29446698394
6.5545 43786.29210701487
6.558 43786.28976774537
6.5615 43786.287449055744
6.565 43786.28515082699
6.5685 43786.282872940756
6.572 43786.280615279415
6.5755 43786.27837772597
6.579000000000001 43786.276160164125
6.5825 43786.273962478255
6.586 43786.27178455336
6.5895 43786.26962627515
6.593 43786.267487529934
6.5965 43786.265368204775
6.6000000000000005 43786.26326818725
6.6035 43786.26118736566
6.607 43786.259125628974
6.6105 43786.257082866694
6.614000000000001 43786.25505896904
6.6175 43786.25305382686
6.621 43786.25106733159
6.6245 43786.249099375265
6.628 43786.24714985063
6.6315 43786.24521865093
6.635000000000001 43786.24330567009
6.6385 43786.24141080267
6.642 43786.23953394374
6.6455 43786.23767498902
6.649 43786.23583383485
6.6525 43786.234010378124
6.656000000000001 43786.232204516324
6.6594999999999995 43786.23041614754
6.663 43786.22864517041
6.6665 43786.22689148418
6.67 43786.22515498867
6.6735 43786.22343558427
6.6770000000000005 43786.22173317188
6.6805 43786.220047653056
6.684 43786.21837892986
6.6875 43786.2167269049
6.691 43786.215091481376
6.6945 43786.21347256304
6.6979999999999995 43786.211870054125
6.7015 43786.2102838595
6.705 43786.208713884516
6.7085 43786.20716003507
6.712 43786.205622217574
6.7155000000000005 43786.204100339026
6.718999999999999 43786.20259430693
6.7225 43786.20110402928
6.726 43786.199629414645
6.7295 43786.19817037205
6.733 43786.19672681107
6.7365 43786.19529864184
6.739999999999999 43786.1938857749
6.7435 43786.19248812139
6.747 43786.1911055929
6.7505 43786.18973810153
6.754 43786.1883855599
6.7575 43786.1870478811
6.760999999999999 43786.185724978706
6.7645 43786.184416766824
6.768 43786.18312315997
6.7715 43786.18184407325
6.7749999999999995 43786.18057942214
6.7785 43786.179329122664
6.782 43786.17809309127
6.7855 43786.17687124494
6.789 43786.175663501075
6.7925 43786.174469777565
6.795999999999999 43786.17328999273
6.7995 43786.17212406541
6.803 43786.17097191483
6.8065 43786.16983346073
6.81 43786.168708623256
6.8135 43786.16759732309
6.817 43786.16649948119
6.8205 43786.16541501915
6.824 43786.16434385889
6.827500000000001 43786.16328592282
6.8309999999999995 43786.16224113374
6.8345 43786.16120941491
6.838 43786.160190690054
6.8415 43786.15918488325
6.845 43786.15819191905
6.8485000000000005 43786.15721172246
6.851999999999999 43786.15624421883
6.8555 43786.155289334005
6.859 43786.15434699416
6.8625 43786.153417125985
6.866 43786.15249965649
6.8695 43786.15159451319
6.872999999999999 43786.15070162388
6.8765 43786.14982091689
6.88 43786.14895232085
6.8835 43786.14809576486
6.887 43786.14725117837
6.8905 43786.14641849125
6.894 43786.14559763376
6.8975 43786.14478853654
6.901 43786.14399113062
6.9045000000000005 43786.14320534743
6.9079999999999995 43786.14243111877
6.9115 43786.141668376826
6.915 43786.140917054145
6.9185 43786.14017708368
6.922 43786.139448398746
6.9255 43786.13873093302
6.929 43786.138024620566
6.9325 43786.13732939581
6.936 43786.136645193554
6.939500000000001 43786.13597194893
6.943 43786.13530959745
6.9465 43786.134658075
6.95 43786.13401731781
6.9535 43786.13338726247
6.957 43786.13276784593
6.960500000000001 43786.13215900547
6.9639999999999995 43786.13156067873
6.9675 43786.130972803694
6.971 43786.13039531873
6.9745 43786.12982816247
6.978 43786.12927127396
6.9815000000000005 43786.128724592534
6.984999999999999 43786.128188057926
6.9885 43786.12766161012
6.992 43786.12714518951
6.9955 43786.126638736765
6.999 43786.126142192945
7.0025 43786.125655499374
7.006 43786.12517859773
7.0095 43786.12471143003
7.013 43786.12425393856
7.016500000000001 43786.12380606599
7.02 43786.123367755295
7.0235 43786.12293894973
7.027 43786.1225195929
7.0305 43786.12210962868
7.034 43786.12170900134
7.0375000000000005 43786.12131765534
7.041 43786.12093553559
7.0445 43786.12056258714
7.048 43786.120198755496
7.051500000000001 43786.11984398637
7.055 43786.119498225795
7.0585 43786.11916142016
7.062 43786.11883351606
7.0655 43786.11851446046
7.069 43786.11820420056
7.072500000000001 43786.117902683916
7.076 43786.117609858324
7.0795 43786.117325671854
7.083 43786.1170500729
7.0865 43786.11678301017
7.09 43786.11652443259
7.093500000000001 43786.11627428939
7.0969999999999995 43786.11603253011
7.1005 43786.11579910453
7.104 43786.1155739627
7.1075 43786.11535705502
7.111 43786.115148332065
7.1145000000000005 43786.114947744754
7.118 43786.114755244256
7.1215 43786.11457078197
7.125 43786.114394309654
7.1285 43786.114225779216
7.132 43786.11406514293
7.1354999999999995 43786.11391235326
7.139 43786.11376736301
7.1425 43786.11363012516
7.146 43786.113500593
7.1495 43786.11337872006
7.1530000000000005 43786.11326446014
7.156499999999999 43786.113157767264
7.16 43786.11305859574
7.1635 43786.11296690013
7.167 43786.11288263521
7.1705 43786.112805756035
7.174 43786.11273621791
7.177499999999999 43786.11267397636
7.181 43786.11261898718
7.1845 43786.11257120639
7.188 43786.11253059027
7.1915 43786.11249709532
7.195 43786.11247067828
7.198499999999999 43786.11245129615
7.202 43786.11243890616
7.2055 43786.11243346572
7.209 43786.11243493258
7.2124999999999995 43786.11244326463
7.216 43786.112458420044
7.2195 43786.11248035719
7.223 43786.112509034676
7.2265 43786.112544411335
7.23 43786.11258644625
7.233499999999999 43786.11263509871
7.237 43786.11269032819
7.2405 43786.112752094494
7.244 43786.112820357506
7.2475 43786.11289507744
7.251 43786.11297621466
7.2545 43786.113063729805
7.258 43786.11315758367
7.2615 43786.11325773732
7.265000000000001 43786.11336415199
7.2684999999999995 43786.11347678916
7.272 43786.113595610484
7.2755 43786.113720577865
7.279 43786.1138516534
7.2825 43786.11398879938
7.2860000000000005 43786.114131978306
7.289499999999999 43786.11428115289
7.293 43786.11443628609
7.2965 43786.11459734096
7.3 43786.114764280865
7.3035 43786.114937069295
7.307 43786.115115670014
7.310499999999999 43786.115300046906
7.314 43786.1154901641
7.3175 43786.11568598591
7.321 43786.11588747683
7.3245 43786.11609460158
7.328 43786.116307325035
7.3315 43786.11652561228
7.335 43786.116749428606
7.3385 43786.116978739476
7.3420000000000005 43786.11721351053
7.3454999999999995 43786.11745370762
7.349 43786.117699296796
7.3525 43786.117950244225
7.356 43786.11820651633
7.3595 43786.118468079694
7.363 43786.118734901065
7.3665 43786.11900694741
7.37 43786.11928418586
7.3735 43786.119566583664
7.377000000000001 43786.11985410836
7.3805 43786.12014672758
7.384 43786.12044440917
7.3875 43786.12074712113
7.391 43786.12105483167
7.3945 43786.12136750911
7.398000000000001 43786.12168512201
7.4014999999999995 43786.12200763909
7.405 43786.122335029184
7.4085 43786.12266726131
7.412 43786.123004304754
7.4155 43786.12334612886
7.4190000000000005 43786.12369270317
7.422499999999999 43786.12404399738
7.426 43786.12439998139
7.4295 43786.12476062522
7.433 43786.1251258991
7.4365 43786.12549577338
7.44 43786.12587021858
7.4435 43786.1262492054
7.447 43786.12663270465
7.4505 43786.12702068739
7.454000000000001 43786.12741312475
7.4575 43786.127809988044
7.461 43786.12821124878
7.4645 43786.12861687855
7.468 43786.12902684915
7.4715 43786.12944113254
7.4750000000000005 43786.129859700784
7.4785 43786.13028252614
7.482 43786.130709580975
7.4855 43786.13114083787
7.489000000000001 43786.13157626948
7.4925 43786.13201584868
7.496 43786.13245954844
7.4995 43786.1329073419
7.503 43786.133359202344
7.5065 43786.13381510319
7.510000000000001 43786.134275018005
7.5135 43786.13473892052
7.517 43786.13520678457
7.5205 43786.13567858416
7.524 43786.13615429346
7.5275 43786.136633886694
7.531000000000001 43786.137117338345
7.5344999999999995 43786.13760462291
7.538 43786.13809571515
7.5415 43786.13859058986
7.545 43786.139089222
7.5485 43786.1395915867
7.5520000000000005 43786.1400976592
7.5555 43786.140607414876
7.559 43786.14112082923
7.5625 43786.14163787794
7.566 43786.142158536706
7.5695 43786.142682781494
7.5729999999999995 43786.143210588336
7.5765 43786.143741933396
7.58 43786.14427679297
7.5835 43786.14481514345
7.587 43786.14535696144
7.5905000000000005 43786.1459022236
7.593999999999999 43786.14645090674
7.5975 43786.14700298777
7.601 43786.14755844378
7.6045 43786.148117251934
7.608 43786.148679389546
7.6115 43786.149244834036
7.614999999999999 43786.14981356298
7.6185 43786.150385554014
7.622 43786.150960784966
7.6255 43786.151539233724
7.629 43786.15212087834
7.6325 43786.15270569696
7.635999999999999 43786.15329366787
7.6395 43786.15388476943
7.643 43786.15447898018
7.6465 43786.15507627874
7.6499999999999995 43786.155676643815
7.6535 43786.156280054296
7.657 43786.156886489145
7.6605 43786.157495927444
7.664 43786.15810834838
7.6675 43786.15872373129
7.670999999999999 43786.159342055566
7.6745 43786.159963300765
7.678 43786.16058744649
7.6815 43786.16121447255
7.685 43786.16184435879
7.6885 43786.162477085156
7.692 43786.163112631766
7.6955 43786.16375097882
7.699 43786.16439210657
7.702500000000001 43786.16503599545
7.7059999999999995 43786.165682625964
7.7095 43786.166331978726
7.713 43786.166984034484
7.7165 43786.16763877404
7.72 43786.168296178315
7.7235000000000005 43786.168956228365
7.726999999999999 43786.16961890533
7.7305 43786.170284190404
7.734 43786.17095206498
7.7375 43786.17162251048
7.741 43786.17229550844
7.7445 43786.1729710405
7.747999999999999 43786.17364908842
7.7515 43786.17432963403
7.755 43786.175012659274
7.7585 43786.17569814619
7.762 43786.176386076884
7.7655 43786.17707643365
7.769 43786.177769198766
7.7725 43786.17846435466
7.776 43786.179161883876
7.7795000000000005 43786.179861769015
7.7829999999999995 43786.18056399278
7.7865 43786.181268537985
7.79 43786.18197538749
7.7935 43786.18268452435
7.797 43786.18339593157
7.8005 43786.18410959239
7.804 43786.18482549002
7.8075 43786.185543607855
7.811 43786.18626392935
7.814500000000001 43786.18698643797
7.818 43786.187711117396
7.8215 43786.18843795134
7.825 43786.189166923585
7.8285 43786.18989801803
7.832 43786.19063121867
7.835500000000001 43786.19136650952
7.8389999999999995 43786.192103874775
7.8425 43786.19284329864
7.846 43786.193584765475
7.8495 43786.19432825968
7.853 43786.19507376572
7.8565000000000005 43786.19582126816
7.859999999999999 43786.196570751716
7.8635 43786.19732220108
7.867 43786.1980756011
7.8705 43786.1988309367
7.874 43786.19958819285
7.8775 43786.200347354614
7.881 43786.20110840718
7.8845 43786.20187133574
7.888 43786.202636125636
7.891500000000001 43786.20340276227
7.895 43786.204171231104
7.8985 43786.20494151766
7.902 43786.205713607626
7.9055 43786.20648748666
7.909 43786.207263140575
7.9125000000000005 43786.208040555255
7.916 43786.2088197166
7.9195 43786.20960061066
7.923 43786.21038322353
7.926500000000001 43786.211167541325
7.93 43786.211953550366
7.9335 43786.212741236915
7.937 43786.2135305874
7.9405 43786.214321588275
7.944 43786.2151142261
7.947500000000001 43786.21590848745
7.951 43786.21670435907
7.9545 43786.217501827654
7.958 43786.218300880086
7.9615 43786.219101503266
7.965 43786.219903684156
7.968500000000001 43786.220707409804
7.9719999999999995 43786.22151266733
7.9755 43786.22231944393
7.979 43786.22312772684
7.9825 43786.2239375034
7.986 43786.22474876103
7.9895000000000005 43786.225561487154
7.993 43786.22637566933
7.9965 43786.227191295155
8.0 43786.22800835229
